# Created by Octave 4.2.0, Fri Mar 16 14:57:21 2018 GMT <unknown@unknown>
# name: x
# type: matrix
# rows: 0
# columns: 0


